3201010101010001
3201010202020002
3201010303030003
3201010404040004
3201010505050005
3201010606060006
3201010707070007
3201010808080008
3201010909090009
3201011111110010
3201011212120011
3201011313130012
3201011414140013
3201011515150014
3201011616160015
3201011717170016
3201011818180017
3201011919190018
3201012020200019
3201012121210020
3201012222220021
3201012323230022
3201012424240023
3201012525250024
3201012626260025
3201012727270026
3201012828280027
3201012929290028
3201013030300029
3201013131310030
3201013232320031
3201013333330032
3201013434340033
3201013535350034
3201013636360035
3201013737370036
3201013838380037
3201013939390038
3201014040400039
3201014141410040